
Cluster 0
--------------
10701

Cluster 1
--------------
39299
27312
27312
37224
10814
20856
38031
38031
24634
24634
91796
28672
27031
88042
4629
4629
41719
41719
40084
63634
63634
96099
64258
73624
73624
65815
65815
17526
17526
18773
18773
84035
84035
94372
94372
97612
97612
7674
57602
57602
56394
3733
3733
82212
70005
70005
82238
32054
32054
46495
73183
91426
23760
23760
38181
38181
15813
8304
8304
55996
37438
37438
42074
83394
28919
28919
38846
38846
42202
19267
19267
83227
94719
94719
82886
41729
42269
42269
25551
47023
47023
7780
7780
9776
9776
85492
85492
26246
26246
34958
34958
42296
83741
54203
81859
98170
