
Cluster 0
--------------
46495
38181
82212
15813
70005
3733
63634
82238
85492
41719
40084
23760
27312
8304
26246
4629
32054
73183
39299
88042
37438
56394

Cluster 1
--------------
91426

Cluster 2
--------------
41729
7780
20856
9776
47023
42269
34958
38031
81859
28919
83741
82886
42296
83394
10701
98170
25551
54203
42074

Cluster 3
--------------
55996
94719
38846
37224
83227
19267
42202
10814

Cluster 4
--------------
65815
57602
17526
96099
84035
73624
7674
91796
97612
94372
18773
24634
27031
28672
64258
